
12345 23456 34567 45678 56789 67890
3/14/2016 8:00   12345 23456 34567                   67890
3/14/2016 9:00   12345              34567 45678
3/14/2016 10:00 12345 23456 34567
3/14/2016 11:00 12345 23456 34567 45678
3/14/2016 12:00 12345 23456              45678      67890
3/14/2016 13:00 12345 23456 34567                   67890
3/14/2016 14:00 12345 23456 34567 45678
3/14/2016 15:00 12345 23456 34567
3/14/2016 16:00 12345 23456 34567 45678
3/14/2016 17:00 12345 23456 34567 45678       67890

3/15/2016 08:00 12345 23456 34567 45671 67890 78901
3/15/2016 09:00 12345 23451 34567 45678 78901
3/15/2016 10:00 12345 23456 34567 45671 78901
3/15/2016 11:00 12345 23456 34567 45678 78901
3/15/2016 12:00 12345 23456 34568 45678 67890
3/15/2016 13:00 12345 23456 34567 45671 67890
3/15/2016 14:00 12345 23456 34567 45678 78901
3/15/2016 15:00 12345 23456 34567 45671 78901
3/15/2016 16:00 12345 23456 34567 45678 78901
3/15/2016 17:00 12345 23456 34567 45678 67890

